mincorner = [ -0.0816775881142047, -0.996384860706964, -0.0233662353367003, ; -0.0790734411418694, -0.996594726766492, -0.0233739489005077, ; -0.0764741659723435, -0.996797656771101, -0.0233694970950645, ; -0.0738740748359434, -0.996993833734618, -0.0233648574205322, ; -0.0712644515459557, -0.997183284765847, -0.0233853486065416, ; -0.0686591255234068, -0.997367319665887, -0.0233313982616833, ; -0.0660475110148671, -0.997543237638643, -0.0233498464696041, ; -0.0634479327142055, -0.997711536485237, -0.0233677084576517, ; -0.0608405522892643, -0.997873960884083, -0.0233663301921462, ; -0.0582319601461566, -0.998029967316067, -0.0233500140605146, ; -0.0556245578941587, -0.998178720931862, -0.0233484397318346, ; -0.0529995429868165, -0.998321651018676, -0.0233437261493105, ; -0.0503966317816822, -0.998455603389684, -0.0233792122365806, ; -0.0478021600845298, -0.998583411712785, -0.0233692820452060, ; -0.0451902249257046, -0.998705012391560, -0.0233696768300086, ; -0.0425832373432669, -0.998819934039762, -0.0233539560283296, ; -0.0399716628872862, -0.998927629905848, -0.0233635694342590, ; -0.0373616780095335, -0.999028438295519, -0.0233727296892800, ; -0.0347499066664934, -0.999122689325041, -0.0233729686297444, ; -0.0321408148038041, -0.999211216769350, -0.0233219275803294, ; -0.0295284750437618, -0.999290686533999, -0.0233707716603137, ; -0.0269165249471812, -0.999364505420645, -0.0233684828373180, ; -0.0243032272247761, -0.999431037342049, -0.0233870636005839, ; -0.0216895204067605, -0.999491667398150, -0.0233660331719118, ; -0.0190902494046839, -0.999545048226535, -0.0233507803612778, ; -0.0164788712234763, -0.999590943122770, -0.0233750557246634, ; -0.0138592717277996, -0.999630491278774, -0.0233837869672777, ; -0.0112507688720531, -0.999663522637518, -0.0233722422488043, ; -0.00863994936623847, -0.999689633670910, -0.0233663776797090, ; -0.00601444238362406, -0.999708176275463, -0.0233963409703738, ; -0.00341987709038100, -0.999720858370697, -0.0233775486149441, ; -0.000805850731074075, -0.999726315328346, -0.0233804414972825, ; 0.00180429398251643, -0.999724902280802, -0.0233851295242524, ; 0.00443596891973797, -0.999716955271979, -0.0233737357191332, ; 0.00702568602201006, -0.999702967066011, -0.0233370387010383, ; 0.00963850291927500, -0.999680795838962, -0.0233539224169154, ; 0.0122567262525979, -0.999652257031984, -0.0233481834931515, ; 0.0148745030827489, -0.999616618055338, -0.0233530740085932, ; 0.0174761842016130, -0.999573798252723, -0.0233838583722967, ; 0.0200844283709245, -0.999524807691982, -0.0233832107572686, ; 0.0227290894361207, -0.999470610059733, -0.0232784905058484, ; 0.0253127224481683, -0.999406353580517, -0.0233710612757965, ; 0.0279209279200873, -0.999337490187051, -0.0233452884053198, ; 0.0305276438243856, -0.999260814903758, -0.0233642196618739, ; 0.0331370191085344, -0.999177526018376, -0.0233711245856649, ; 0.0357632088837484, -0.999086882294613, -0.0233750832547713, ; 0.0383736377137599, -0.998990014026457, -0.0233755385827152, ; 0.0409737668217021, -0.998886714223289, -0.0233769668828476, ; 0.0435873780236424, -0.998776122611220, -0.0233751444641791, ; 0.0461894999242132, -0.998659430021614, -0.0233639235929187, ; 0.0488012877246759, -0.998534824049543, -0.0233803224263705, ; 0.0514287521429474, -0.998404054279195, -0.0233329777757737, ; 0.0540228367470866, -0.998267788631719, -0.0233014010337370, ; 0.0566802273640178, -0.998118638361127, -0.0233781004808531, ; 0.0592725968903491, -0.997967887396354, -0.0233849306933553, ; 0.0618842038131041, -0.997809289555516, -0.0233873255233586, ; 0.0645055481866982, -0.997643972214804, -0.0233567753895921, ; 0.0670933199383240, -0.997473293454248, -0.0233562682205493, ; 0.0697262627051737, -0.997292924990994, -0.0233467353622795, ; 0.0723102612744860, -0.997107717697466, -0.0233971242371055, ; 0.0749640066848264, -0.996913312284393, -0.0233290696753492, ; 0.0775694182094123, -0.996713159849655, -0.0233636970783457, ; 0.0801711529823954, -0.996508282391940, -0.0233201490934104, ; 0.0828235990508972, -0.996290578077705, -0.0233524190149073, ; 0.0854224476390865, -0.996071179972605, -0.0233497294915742, ; 0.0880244269526002, -0.995844328633045, -0.0233617933615172, ; 0.0906674799455461, -0.995607088269084, -0.0233652277686561, ; 0.0932832088804246, -0.995365250983029, -0.0233722073510876, ; 0.0958572469678974, -0.995121102794440, -0.0233533504430011, ; 0.0984366539820815, -0.994869516264319, -0.0233424668964331, ; 0.101072834578432, -0.994605107189020, -0.0233444396762546, ; 0.103689389587705, -0.994336134872268, -0.0233272667539263, ; 0.106274625236689, -0.994062233385841, -0.0233662189229414, ; 0.108869004183481, -0.993781790674806, -0.0233514978379066, ; 0.111464472234615, -0.993493588503054, -0.0233700884205361, ; 0.114072171081942, -0.993197898678619, -0.0233553815003592, ; 0.116656711886452, -0.992897809702644, -0.0233484701754332, ; 0.119255267921865, -0.992589187146629, -0.0233428068680179, ; 0.121843465609895, -0.992274737928708, -0.0233455425442383, ; 0.124436307450170, -0.991952988557022, -0.0233425337305142, ; 0.127025656553123, -0.991624246933996, -0.0233631220052645, ; 0.129624584871910, -0.991287990750460, -0.0233577907923952, ; 0.134788053339580, -0.990599114113743, -0.0233575639567501, ; 0.137374996070666, -0.990244330405779, -0.0233297353991490, ; 0.139965853320810, -0.989881410553908, -0.0233313725267856, ; 0.142558188938938, -0.989510512065452, -0.0233689811163558, ; 0.145145620600199, -0.989134334049543, -0.0233670285862558, ; 0.147730277777553, -0.988751840475030, -0.0233572897615991, ; 0.150312247619474, -0.988362402711155, -0.0233664101353785, ; -0.0816779131137203, -0.996530126998969, -0.0160132599056457, ; -0.0790660879408401, -0.996740392745673, -0.0160356854213798, ; -0.0764647470601719, -0.996943085587514, -0.0160507493990317, ; -0.0738395061099932, -0.997141010269203, -0.0160478340203521, ; -0.0712502796090903, -0.997329372944602, -0.0160474146688479, ; -0.0686391139611290, -0.997512540107376, -0.0160438263254805, ; -0.0660420668680202, -0.997687756538860, -0.0160494814949670, ; -0.0634124048383007, -0.997858493765113, -0.0160403657515164, ; -0.0608294628034015, -0.998019342630111, -0.0160364644236081, ; -0.0582239928665080, -0.998175026774130, -0.0160181952524550, ; -0.0556154712543348, -0.998323703643532, -0.0160219256214879, ; -0.0530054086105619, -0.998465343841174, -0.0160431856609802, ; -0.0503810575821172, -0.998601076509052, -0.0160511380241305, ; -0.0477781631668259, -0.998729376020563, -0.0160274950625554, ; -0.0451754606097869, -0.998850916587547, -0.0160007559481019, ; -0.0425651034534125, -0.998965088698401, -0.0160300820271512, ; -0.0399593963061160, -0.999072259849636, -0.0160582142778354, ; -0.0373328378288464, -0.999174050154910, -0.0160460810380126, ; -0.0347129657148156, -0.999268430302160, -0.0160503648786798, ; -0.0321277772347107, -0.999354745583104, -0.0160592157494377, ; -0.0295161921341795, -0.999435697758439, -0.0160337284497339, ; -0.0268879603396675, -0.999510077126815, -0.0160200908462232, ; -0.0242971396374408, -0.999575810232741, -0.0160576649298203, ; -0.0216838253595147, -0.999636051913490, -0.0160491567563015, ; -0.0190596136429898, -0.999689686179634, -0.0160394037870911, ; -0.0164673765993777, -0.999735974493745, -0.0160251930090059, ; -0.0138381720133320, -0.999775298189829, -0.0160579614138111, ; -0.0112377924634770, -0.999807923233270, -0.0160570439534695, ; -0.00863318620850552, -0.999833873421429, -0.0160528394682062, ; -0.00601466352124103, -0.999853195728439, -0.0160440273732444, ; -0.00338208824784081, -0.999865760906986, -0.0160318946159958, ; -0.000785738033323276, -0.999871090122605, -0.0160370119653593, ; 0.00183498064652612, -0.999869486680496, -0.0160512445408061, ; 0.00444897010646847, -0.999861394315629, -0.0160436536423940, ; 0.00704319057169940, -0.999846104729327, -0.0160673683023181, ; 0.00966016579354117, -0.999824275739186, -0.0160654548473800, ; 0.0122800169229317, -0.999796044335416, 